start point: 39.5 -28.1
23.3409
225.667
292.751
451.785
537.214
576.545
571.492
597.024
574.457
629.404
641.589
641.701
685.913
729.622
742.4
352.859
422.58
387.176
424.839
499.547
716.311
521.418
502.725
479.151
452.221
773.97
796.557
817.368
761.599
764.129
760.988
706.517
686.898
718.245
796.851
809.717
509.62
575.865
442.765
444.98
443.472
552.177
571.008
695.857
775.312
736.094
722.206
720.459
725.891
763.908
778.199
783.526
308.134
261.869
240.426
248.954
206.773
206.446
259.562
177.202
257.043
354.814
396.912
406.312
421.729
402.356
375.629
182.361
193.225
190.205
186.17
196.188
209.896
269.713
437.318
553.165
574.536
623.561
653.677
693.15
722.951
696.312
696.253
699.9
671.992
681.951
695.124
660.282
753.037
764.652
751.086
755.483
758.783
769.889
746.17
711.191
672.131
753.292
786.861
795.855
804.045
785.379
758.179
718.837
660.077
592.328
564.722
532.979
494.762
534.097
517.259
490.699
500.538
543.029
577.785
623.251
615.487
595.253
611.911
602.269
614.393
627.563
623.904
606.031
602.432
608.864
622.004
633.262
638.922
661.388
705.469
779.292
798.521
692.768
642.035
676.822
657.816
658.228
641.758
689.054
701.732
663.061
693.684
692.951
664.733
525.666
514.391
428.259
355.017
341.941
397.699
453.053
461.03
470.945
484.603
512.379
526.046
585.806
636.43
658.589
699.124
708.85
771.496
818
718.713
541.513
477.174
371.448
361.419
320.145
468.522
559.172
708.547
476.106
370.651
519.232
575.148
515.594
398.689
458.074
490.549
534.87
581.488
597.884
614.946
632.568
643.484
641.857
645.208
640.46
661.284
690.569
637.759
635.816
640.005
585.192
561.802
569.495
537.712
545.615
557.296
538.873
576.781
596.181
590.098
130.515
201.788
280.958
325.598
396.77
497.567
588.369
655.953
734.786
745.057
694.35
627.687
475.736
622.795
588.372
638.328
497.866
551.589
638.502
865.412
724.753
614.981
612.596
562.027
533.481
593.744
660.509
729.726
798.492
891.47
962.008
643.699
616.893
592.147
617.48
619.834
651.525
784.139
853.535
572.016
577.477
550.363
530.525
401.305
464.82
581.103
698.839
754.833
603.945
655.748
596.078
653.462
755.162
849.619
994.201
658.591
829.733
851.057
856.667
857.532
868.365
910.892
854.291
849.923
927.038
996.803
1062.94
1004.4
1038.93
920.085
859.351
831.079
964.945
978.461
1039.66
772.183
524.723
812.483
711.815
573.557
673.124
684.461
695.463
733.046
856.779
814.113
717.857
374.074
219.341
372.003
330.958
317.167
220.724
313.746
424.312
569.803
634.548
665.279
664.675
699.352
759.787
798.867
818.274
807.633
689.717
693.254
513.101
467.891
495.429
514.425
558.075
697.464
776.989
742.486
663.383
607.689
584.392
718.777
716.846
592.77
507.27
451.992
460.108
464.427
443.483
464.322
476.585
483.358
393.48
493.581
796.775
817.008
728.552
736.3
836.732
517.731
512.75
621.974
668.324
669.108
948.974
854.976
680.985
632.244
664.909
697.058
803.226
878.371
598.723
527.065
524.962
733.393
755.497
767.959
